60 60 60 70 70 50
60 60 60 70 70 49
61 60 60 70 70 49
61 60 60 71 70 49
61 60 60 70 70 49
61 59 60 70 70 49
60 59 60 70 70 49
60 58 60 70 70 49
59 58 60 70 70 49
59 57 60 70 70 49
58 57 60 70 70 49
58 56 60 70 70 49
57 56 60 70 70 49
57 55 60 70 70 49
56 55 60 70 70 49
56 54 60 70 70 49
55 54 60 70 70 49
55 53 60 70 70 49
54 53 60 70 70 49
54 52 60 70 70 49
53 52 60 70 70 49
53 51 60 70 70 49
52 51 60 70 70 49
52 50 60 70 70 49
51 50 60 70 70 49
51 50 59 70 70 49
51 50 58 70 70 49
51 50 57 70 70 49
51 49 57 70 70 49
51 49 57 71 70 49
52 49 57 71 70 49
53 49 57 71 70 49
54 49 57 71 70 49
55 49 57 71 70 49
56 49 57 71 70 49
57 49 57 71 70 49
58 49 57 71 70 49
57 49 57 71 70 49
57 48 57 71 70 49
56 48 57 71 70 49
56 47 57 71 70 49
56 47 57 71 70 51
55 47 57 71 70 51
55 47 57 70 70 51
55 46 57 70 70 51
55 46 57 70 70 53
54 46 57 70 70 53
54 46 57 70 70 73
54 46 57 71 70 73
54 46 57 72 70 73
54 46 57 72 70 72
54 46 57 72 69 72
54 46 57 72 69 74
54 46 56 72 69 74
54 45 56 72 69 74
54 45 55 72 69 74
54 44 55 72 69 74
54 44 55 72 69 76
54 44 55 72 71 76
54 44 55 72 71 78
54 44 55 72 71 77
54 44 55 72 70 77
54 44 55 72 70 79
54 44 55 71 70 79
54 44 55 72 70 79
54 43 55 72 70 79
53 43 55 72 70 79
52 43 55 72 70 79
