20021456 100202 1060643 1
20021456 100202 960643 2
20021456 100221 960643 2
20021456 100202 960643 2
20021456 100202 940643 3
20021456 100202 1940643 3
20021456 100202 1930643 4
20021456 100202 11930643 4
20021456 100202 12030643 4
20021456 100202 12130643 4
20021456 100202 11430643 5
20021456 100202 12430643 5
20021456 100221 12430643 5
20021456 100221 12360643 6
20021456 100221 12290643 7
20021456 100221 13290643 7
20021456 100221 14290643 7
20021456 100221 13590643 8
20021456 100221 14590643 8
20021456 100202 14590643 8
20021456 100202 14490643 9
20021456 100202 14590643 9
20021456 100202 14570643 10
20021456 100202 14560643 11
20021456 100202 14550643 12
